1,19,30/2/2022/9/28,5,6,7,8,9,10,11,12,13,14,15,16,17,18,19,20,21,22,23,24
2,3,21/10/2020/22/11,3,4,5,6,7,8,9,10,11,12,13,14,15
3,12,25/9/2019/22/46,7,8,9,10,11,12,13,14,15,16,17,18,19,20,21,22
4,3,27/7/2018/16/13,7,8,9,10,11,12,13,14,15,16,17,18,19,20,21,22,23,24,25,26
5,6,24/7/2018/6/36,15,16,17,18,19
6,15,10/1/2020/7/20,16,17,18,19,20,21,22,23,24,25,26,27,28,29,30,31,32,33,34
7,8,17/11/2019/13/30,20,21,22,23,24,25,26,27,28,29,30,31,32,33,34,35,36,37,38
8,11,5/2/2020/14/57,20,21,22,23,24
9,6,25/11/2018/19/15,6,7,8,9,10,11,12,13,14,15,16,17,18
10,16,18/9/2022/14/20,22,23,24,25
11,3,11/11/2020/23/11,11,12,13,14,15,16,17
12,2,8/12/2020/23/2,2,3,4,5,6,7,8,9,10,11,12
13,15,6/1/2020/8/31,22,23,24,25,26,27,28,29,30,31,32,33,34,35,36
14,2,13/7/2018/4/39,6,7,8,9,10,11,12,13,14,15,16,17,18,19,20,21
15,3,15/4/2022/17/45,19,20,21,22,23,24,25
